{
"lowlevel": {
    "average_loudness": 0.823430776596,
    "barkbands_crest": {
        "dmean": 2.75081014633,
        "dmean2": 4.4409365654,
        "dvar": 6.52391862869,
        "dvar2": 15.3145494461,
        "max": 26.9143333435,
        "mean": 10.0834417343,
        "median": 9.13830566406,
        "min": 2.92140769958,
        "var": 19.7070770264
    },
    "barkbands_flatness_db": {
        "dmean": 0.0195918548852,
        "dmean2": 0.0304657295346,
        "dvar": 0.000361984333722,
        "dvar2": 0.000858558982145,
        "max": 0.561381876469,
        "mean": 0.13221205771,
        "median": 0.122173756361,
        "min": 0.0241031404585,
        "var": 0.00329870171845
    },
    "barkbands_kurtosis": {
        "dmean": 4.17581510544,
        "dmean2": 6.09635019302,
        "dvar": 3554.94555664,
        "dvar2": 5657.73193359,
        "max": 3591.01513672,
        "mean": 5.70393753052,
        "median": 1.20096540451,
        "min": -1.84937703609,
        "var": 7357.56591797
    },
    "barkbands_skewness": {
        "dmean": 0.534811198711,
        "dmean2": 0.815519809723,
        "dvar": 1.00523900986,
        "dvar2": 1.97279310226,
        "max": 58.3147888184,
        "mean": 1.15179491043,
        "median": 0.983614206314,
        "min": -2.8700106144,
        "var": 3.70120167732
    },
    "barkbands_spread": {
        "dmean": 5.32174062729,
        "dmean2": 8.08288860321,
        "dvar": 36.130859375,
        "dvar2": 80.1206130981,
        "max": 125.086250305,
        "mean": 22.0637722015,
        "median": 19.2985172272,
        "min": 0.132532894611,
        "var": 222.028610229
    },
    "dissonance": {
        "dmean": 0.0216462165117,
        "dmean2": 0.0365573130548,
        "dvar": 0.000502342358232,
        "dvar2": 0.00135414907709,
        "max": 0.5,
        "mean": 0.460338324308,
        "median": 0.466950178146,
        "min": 0.0960030332208,
        "var": 0.000930255628191
    },
    "dynamic_complexity": 3.95735645294,
    "erbbands_crest": {
        "dmean": 3.02216315269,
        "dmean2": 4.85473632812,
        "dvar": 8.04243183136,
        "dvar2": 19.1292686462,
        "max": 31.966381073,
        "mean": 10.9137630463,
        "median": 9.70175457001,
        "min": 2.29182815552,
        "var": 28.8927612305
    },
    "erbbands_flatness_db": {
        "dmean": 0.0161636639386,
        "dmean2": 0.02476493828,
        "dvar": 0.000229430996114,
        "dvar2": 0.000504867755808,
        "max": 0.423302322626,
        "mean": 0.183044284582,
        "median": 0.168617218733,
        "min": 0.0509739406407,
        "var": 0.0048818285577
    },
    "erbbands_kurtosis": {
        "dmean": 1.40116131306,
        "dmean2": 2.1625828743,
        "dvar": 4.61408901215,
        "dvar2": 10.12641716,
        "max": 68.9090270996,
        "mean": 1.72736334801,
        "median": 0.681459188461,
        "min": -1.86903297901,
        "var": 13.0610122681
    },
    "erbbands_skewness": {
        "dmean": 0.421046167612,
        "dmean2": 0.638700664043,
        "dvar": 0.15646828711,
        "dvar2": 0.344253897667,
        "max": 7.20041227341,
        "mean": 0.703671991825,
        "median": 0.666560828686,
        "min": -3.22915244102,
        "var": 0.792957365513
    },
    "erbbands_spread": {
        "dmean": 6.63992738724,
        "dmean2": 10.0511426926,
        "dvar": 46.6590652466,
        "dvar2": 98.4073410034,
        "max": 121.006347656,
        "mean": 30.8934288025,
        "median": 29.4300613403,
        "min": 2.33697557449,
        "var": 273.285003662
    },
    "hfc": {
        "dmean": 7.2438378334,
        "dmean2": 10.6528682709,
        "dvar": 113.028953552,
        "dvar2": 218.7212677,
        "max": 128.544494629,
        "mean": 27.7034244537,
        "median": 22.4642410278,
        "min": 1.2137935812e-16,
        "var": 483.488555908
    },
    "melbands_crest": {
        "dmean": 3.61003875732,
        "dmean2": 5.79856824875,
        "dvar": 10.5629520416,
        "dvar2": 25.9672489166,
        "max": 39.9692230225,
        "mean": 13.4595546722,
        "median": 12.4515609741,
        "min": 1.80261147022,
        "var": 30.2093048096
    },
    "melbands_flatness_db": {
        "dmean": 0.0235236510634,
        "dmean2": 0.0359036698937,
        "dvar": 0.000532926525921,
        "dvar2": 0.00116186332889,
        "max": 0.545684814453,
        "mean": 0.170499712229,
        "median": 0.165185749531,
        "min": 0.00690330611542,
        "var": 0.00365573656745
    },
    "melbands_kurtosis": {
        "dmean": 6.62313604355,
        "dmean2": 9.74454021454,
        "dvar": 3769.69360352,
        "dvar2": 6196.703125,
        "max": 4017.61962891,
        "mean": 10.7596302032,
        "median": 4.45055150986,
        "min": -1.71799850464,
        "var": 8107.00146484
    },
    "melbands_skewness": {
        "dmean": 0.662355065346,
        "dmean2": 1.02351534367,
        "dvar": 1.03916835785,
        "dvar2": 2.01323485374,
        "max": 60.1203384399,
        "mean": 1.81646358967,
        "median": 1.62467169762,
        "min": -2.47162556648,
        "var": 4.35350418091
    },
    "melbands_spread": {
        "dmean": 8.1851940155,
        "dmean2": 12.6794910431,
        "dvar": 102.516227722,
        "dvar2": 243.699554443,
        "max": 196.659408569,
        "mean": 28.203912735,
        "median": 23.3621864319,
        "min": 0.201539948583,
        "var": 450.723571777
    },
    "pitch_salience": {
        "dmean": 0.0689951553941,
        "dmean2": 0.109775774181,
        "dvar": 0.00403365585953,
        "dvar2": 0.00948544871062,
        "max": 0.976189851761,
        "mean": 0.51182705164,
        "median": 0.510704398155,
        "min": 0.00436078896746,
        "var": 0.0140298586339
    },
    "silence_rate_20dB": {
        "dmean": 0,
        "dmean2": 0,
        "dvar": 0,
        "dvar2": 0,
        "max": 1,
        "mean": 1,
        "median": 1,
        "min": 1,
        "var": 0
    },
    "silence_rate_30dB": {
        "dmean": 0,
        "dmean2": 0,
        "dvar": 0,
        "dvar2": 0,
        "max": 1,
        "mean": 1,
        "median": 1,
        "min": 1,
        "var": 0
    },
    "silence_rate_60dB": {
        "dmean": 0.00901617575437,
        "dmean2": 0.0180347431451,
        "dvar": 0.00893411692232,
        "dvar2": 0.0208939760923,
        "max": 1,
        "mean": 0.105926021934,
        "median": 0,
        "min": 0,
        "var": 0.094702616334
    },
    "spectral_centroid": {
        "dmean": 261.628540039,
        "dmean2": 402.194091797,
        "dvar": 90992.859375,
        "dvar2": 195374.28125,
        "max": 11028.5332031,
        "mean": 1680.35632324,
        "median": 1657.73852539,
        "min": 185.139846802,
        "var": 515794.8125
    },
    "spectral_complexity": {
        "dmean": 3.12039256096,
        "dmean2": 4.55191612244,
        "dvar": 14.5157165527,
        "dvar2": 22.3119888306,
        "max": 62,
        "mean": 18.4353713989,
        "median": 17,
        "min": 0,
        "var": 122.342140198
    },
    "spectral_decrease": {
        "dmean": 1.54234525152e-09,
        "dmean2": 2.33098251812e-09,
        "dvar": 3.7251326152e-18,
        "dvar2": 7.84455906734e-18,
        "max": 9.3693933728e-20,
        "mean": -5.84860737618e-09,
        "median": -4.95983476512e-09,
        "min": -2.09154933373e-08,
        "var": 1.92406230578e-17
    },
    "spectral_energy": {
        "dmean": 0.00621548993513,
        "dmean2": 0.00935933366418,
        "dvar": 5.9020210756e-05,
        "dvar2": 0.000121892051538,
        "max": 0.0835508778691,
        "mean": 0.0245867632329,
        "median": 0.0213337447494,
        "min": 1.09571082359e-20,
        "var": 0.000314725300996
    },
    "spectral_energyband_high": {
        "dmean": 0.000435572495917,
        "dmean2": 0.00066244485788,
        "dvar": 6.16946522314e-07,
        "dvar2": 1.40101781199e-06,
        "max": 0.0107256891206,
        "mean": 0.00114132976159,
        "median": 0.000733111635782,
        "min": 7.92455586594e-21,
        "var": 1.66829249792e-06
    },
    "spectral_energyband_low": {
        "dmean": 0.00309390178882,
        "dmean2": 0.00506707374007,
        "dvar": 4.21461554652e-05,
        "dvar2": 0.000103727841633,
        "max": 0.0538045465946,
        "mean": 0.0056104902178,
        "median": 0.000724079669453,
        "min": 7.08212057675e-23,
        "var": 9.82115452643e-05
    },
    "spectral_energyband_middle_high": {
        "dmean": 0.00312245264649,
        "dmean2": 0.00476926472038,
        "dvar": 2.35065872403e-05,
        "dvar2": 5.1221519243e-05,
        "max": 0.0797579735518,
        "mean": 0.00955469347537,
        "median": 0.00561885442585,
        "min": 1.50510369313e-21,
        "var": 0.000119890639326
    },
    "spectral_energyband_middle_low": {
        "dmean": 0.00343725015409,
        "dmean2": 0.00515049649402,
        "dvar": 2.62824214587e-05,
        "dvar2": 6.01235624345e-05,
        "max": 0.0782550424337,
        "mean": 0.0089630112052,
        "median": 0.00660514831543,
        "min": 3.38760702612e-22,
        "var": 7.61686533224e-05
    },
    "spectral_entropy": {
        "dmean": 0.13411192596,
        "dmean2": 0.204239502549,
        "dvar": 0.0179733000696,
        "dvar2": 0.0388895273209,
        "max": 9.78815555573,
        "mean": 7.53746318817,
        "median": 7.57758331299,
        "min": 5.50451564789,
        "var": 0.207560747862
    },
    "spectral_flux": {
        "dmean": 0.0235243607312,
        "dmean2": 0.0381982475519,
        "dvar": 0.000570301141124,
        "dvar2": 0.00135384511668,
        "max": 0.250351399183,
        "mean": 0.0839018747211,
        "median": 0.0790999829769,
        "min": 1.04676205204e-10,
        "var": 0.00222007348202
    },
    "spectral_kurtosis": {
        "dmean": 1.2531452179,
        "dmean2": 2.06301045418,
        "dvar": 5.22302389145,
        "dvar2": 14.0707712173,
        "max": 77.0033569336,
        "mean": 4.50523996353,
        "median": 4.00279760361,
        "min": -1.19781768322,
        "var": 12.5323724747
    },
    "spectral_rms": {
        "dmean": 0.000588685390539,
        "dmean2": 0.000875587575138,
        "dvar": 4.43667659056e-07,
        "dvar2": 8.695092788e-07,
        "max": 0.00902845803648,
        "mean": 0.00444849487394,
        "median": 0.00456217164174,
        "min": 3.26953546702e-12,
        "var": 4.19792149842e-06
    },
    "spectral_rolloff": {
        "dmean": 702.264343262,
        "dmean2": 1164.91052246,
        "dvar": 1424969.75,
        "dvar2": 3210645.25,
        "max": 19186.0839844,
        "mean": 2354.25268555,
        "median": 1744.18945312,
        "min": 21.533203125,
        "var": 5073929
    },
    "spectral_skewness": {
        "dmean": 0.17775131762,
        "dmean2": 0.283791154623,
        "dvar": 0.0436281040311,
        "dvar2": 0.113016359508,
        "max": 6.9084353447,
        "mean": 1.63849318027,
        "median": 1.6289639473,
        "min": -0.0913663208485,
        "var": 0.175609946251
    },
    "spectral_spread": {
        "dmean": 416351.71875,
        "dmean2": 637214.9375,
        "dvar": 505090277376,
        "dvar2": 973653868544,
        "max": 41030044,
        "mean": 4964698.5,
        "median": 4926163,
        "min": 829864.5625,
        "var": 2.41449749709e+12
    },
    "spectral_strongpeak": {
        "dmean": 0.946708917618,
        "dmean2": 1.63927841187,
        "dvar": 3.11480212212,
        "dvar2": 8.67083263397,
        "max": 21.1760463715,
        "mean": 1.71762502193,
        "median": 1.15065670013,
        "min": 0,
        "var": 3.96283125877
    },
    "zerocrossingrate": {
        "dmean": 0.0125573482364,
        "dmean2": 0.0149475187063,
        "dvar": 0.000235568571952,
        "dvar2": 0.000297106307698,
        "max": 0.50634765625,
        "mean": 0.0907756462693,
        "median": 0.08154296875,
        "min": 0,
        "var": 0.00293196178973
    },
    "barkbands": {
        "dmean": [7.67516175983e-05, 0.00213157129474, 0.00133574439678, 0.000678347772919, 0.000523593451362, 0.000787338824011, 0.00144213414751, 0.000871827476658, 0.00107640109491, 0.000961998593993, 0.000927880581003, 0.000881194137037, 0.000515262712725, 0.000818719039671, 0.00053151731845, 0.000355837983079, 0.000275081285508, 0.000196122549823, 0.000418021139922, 0.000156360896653, 7.92573700892e-05, 8.34211750771e-05, 5.43897767784e-05, 0.000204033989576, 5.60227745154e-05, 1.86159650184e-05, 4.49338131148e-06],
        "dmean2": [0.000116982249892, 0.0036043447908, 0.00208350084722, 0.00110376928933, 0.000830769713502, 0.00118814292364, 0.00226949644275, 0.00145448045805, 0.00170061981771, 0.00153136556037, 0.00146971375216, 0.00141224672552, 0.000830993172713, 0.00131347274873, 0.0008471335168, 0.000559974578209, 0.000430334213888, 0.000306852976792, 0.000711419561412, 0.000253787147813, 0.000126271988847, 0.000135516456794, 8.18322951091e-05, 0.000302718370222, 8.20036948426e-05, 2.83837889583e-05, 7.24348092263e-06],
        "dvar": [7.41832266726e-08, 1.83327356353e-05, 9.40970949159e-06, 3.11750886794e-06, 1.28473561745e-06, 3.66904782823e-06, 1.39596158988e-05, 7.06983655618e-06, 4.68895632366e-06, 3.98776364818e-06, 6.33113677395e-06, 7.31480349714e-06, 1.3947133084e-06, 3.09001256937e-06, 1.5735171246e-06, 5.37709865966e-07, 3.5244903529e-07, 2.24667033422e-07, 1.08739016014e-06, 1.05545503004e-07, 3.98786355049e-08, 2.92646848976e-08, 1.27815358297e-08, 3.19707055496e-07, 1.04405417645e-08, 8.68062288717e-10, 6.2463333117e-11],
        "dvar2": [1.52784821239e-07, 4.83870244352e-05, 1.88782232726e-05, 7.78786943556e-06, 3.14020167025e-06, 7.4976533142e-06, 3.26066983689e-05, 1.86941579159e-05, 1.17152740131e-05, 9.86940267467e-06, 1.4323326468e-05, 2.02065693884e-05, 3.63226718036e-06, 6.94379878041e-06, 3.60178046321e-06, 1.22307949368e-06, 8.77253398812e-07, 5.37164112302e-07, 2.95481072499e-06, 2.45149635703e-07, 9.53314227559e-08, 7.49370840936e-08, 2.79327352359e-08, 7.9662203234e-07, 2.00076382129e-08, 1.92740312599e-09, 1.57283353008e-10],
        "max": [0.0112405586988, 0.0399483777583, 0.0298697277904, 0.0196609944105, 0.0129447216168, 0.0286485832185, 0.0749376118183, 0.0464092977345, 0.0306741688401, 0.0398458689451, 0.0594179555774, 0.0740487650037, 0.0207745265216, 0.0270220991224, 0.0237063597888, 0.012875393033, 0.00815353542566, 0.00815626326948, 0.011405557394, 0.00924730952829, 0.00450235093012, 0.00359726673923, 0.00155089504551, 0.00557979242876, 0.00192557438277, 0.000929059984628, 0.000102348654764],
        "mean": [8.45303220558e-05, 0.0030112368986, 0.00207307026722, 0.000821762136184, 0.0008770840941, 0.00145275017712, 0.00225625489838, 0.00119320396334, 0.00199233670719, 0.00157530675642, 0.0015676059993, 0.00146160961594, 0.000731933454517, 0.00154942064546, 0.000833019788843, 0.000551110133529, 0.000410526728956, 0.000293905846775, 0.000586594862398, 0.000298356520943, 0.0001573911577, 0.000179230264621, 0.000115751587145, 0.000315384211717, 0.000138874529512, 4.85966884298e-05, 9.86799659586e-06],
        "median": [4.05121409131e-06, 0.000200556634809, 0.000137686729431, 5.71800555917e-05, 0.000208096244023, 0.000380111188861, 0.000464780023322, 0.000369359157048, 0.00102384737693, 0.000632939103525, 0.000341735925758, 0.000297888356727, 0.00027371532633, 0.000287859846139, 0.000156159090693, 0.000213549195905, 0.000157210772159, 0.000128225932713, 0.000227798518608, 0.000149713610881, 6.60516234348e-05, 0.00010723235755, 6.28783163847e-05, 0.000111474721052, 7.42994816392e-05, 3.85985476896e-05, 6.47247361485e-06],
        "min": [3.43625664613e-23, 1.20230763881e-23, 1.48479084036e-23, 3.77750304314e-23, 1.14380893263e-22, 1.84139841024e-23, 4.34929751069e-23, 1.40993851119e-23, 4.40478914221e-23, 1.58868533619e-22, 7.76493017731e-23, 5.17009497634e-23, 7.24798015979e-23, 5.04484279726e-23, 1.95162584986e-22, 1.68242031331e-22, 1.64005734674e-22, 2.22265586392e-22, 2.29984558795e-22, 3.65819792864e-22, 3.87600128862e-22, 7.1850087385e-22, 7.26411444789e-22, 9.82903320344e-22, 1.07109196158e-21, 1.62180835605e-21, 2.40190914393e-21],
        "var": [8.84309798721e-08, 3.11416042678e-05, 2.05674332392e-05, 4.23053825216e-06, 2.30713817473e-06, 9.25726362766e-06, 2.5342373192e-05, 8.23825121188e-06, 9.73316855379e-06, 7.94899187895e-06, 1.44759687828e-05, 1.60096133186e-05, 2.0031193344e-06, 9.33257160796e-06, 3.2085915791e-06, 9.81406856226e-07, 5.18115939485e-07, 3.06535980599e-07, 1.16182673082e-06, 2.86719853193e-07, 1.07829805529e-07, 6.14039379343e-08, 2.88907333612e-08, 3.95773014361e-07, 3.74466715414e-08, 2.39435071769e-09, 1.26003832368e-10]
    },
    "erbbands": {
        "dmean": [0.0386716499925, 0.549016416073, 1.58360075951, 1.94913899899, 1.98593735695, 2.00867152214, 5.1232419014, 6.63806343079, 20.3579864502, 16.4895458221, 21.4276027679, 23.3789348602, 26.1413898468, 23.5192623138, 37.1938056946, 35.0077095032, 24.4545936584, 29.3412036896, 33.6958084106, 20.9859924316, 16.2718505859, 16.4190368652, 11.8130245209, 13.6976156235, 19.3927154541, 7.21108150482, 4.05646181107, 3.06793737411, 3.34650754929, 2.37990999222, 1.54158687592, 6.66952371597, 1.38156044483, 0.557078301907, 0.500899672508, 0.0917365923524, 0.0452398657799, 0.00563287036493, 0.000892158655915, 2.09517402254e-05],
        "dmean2": [0.0650178492069, 0.92112749815, 2.49702143669, 3.12191510201, 2.93436002731, 3.36508607864, 7.44996070862, 10.8070230484, 31.8886299133, 26.7884502411, 34.3637733459, 36.8822021484, 41.1763305664, 37.3144340515, 58.5401344299, 55.8819084167, 39.8913993835, 44.8264198303, 53.599029541, 32.13048172, 25.1139621735, 25.92029953, 18.5114860535, 22.1505374908, 33.3708610535, 11.6859092712, 6.32355213165, 4.98584985733, 5.49785137177, 3.73843121529, 2.30639672279, 9.84787559509, 2.07307744026, 0.839716374874, 0.703175067902, 0.144014582038, 0.0658063441515, 0.00907438714057, 0.00144681346137, 3.34687501891e-05],
        "dvar": [0.00886371731758, 1.22971248627, 11.6343288422, 27.2647380829, 24.7380199432, 31.2653884888, 175.655227661, 281.184692383, 2526.28540039, 2745.50585938, 3198.13061523, 2469.47363281, 3043.8581543, 2881.89575195, 9896.01367188, 14033.7548828, 3147.62548828, 4027.66357422, 4422.1953125, 2139.30126953, 1352.28479004, 1193.17724609, 759.440429688, 763.389099121, 2875.98486328, 240.416656494, 91.1771011353, 71.5283508301, 55.4690284729, 19.0589160919, 9.00785923004, 383.374176025, 8.47231769562, 1.33524036407, 0.925098121166, 0.0243318397552, 0.00632687052712, 6.76429262967e-05, 3.11708913614e-06, 8.94554263997e-10],
        "dvar2": [0.0235965009779, 3.25591945648, 27.9533309937, 67.9014434814, 49.8671150208, 83.9085083008, 317.944976807, 734.408081055, 5776.04394531, 6717.10498047, 8289.89941406, 6228.38183594, 7177.58984375, 6913.04345703, 23529.6777344, 38640.3203125, 8473.15039062, 8467.92480469, 11002.4833984, 4855.85498047, 3092.56030273, 2929.24023438, 1800.54541016, 1846.04943848, 8047.98828125, 549.114257812, 188.099517822, 185.583511353, 149.072921753, 43.6361236572, 19.3183078766, 951.259765625, 19.9785919189, 2.62178897858, 1.67444205284, 0.0580574795604, 0.0120230978355, 0.000161959542311, 7.80741265771e-06, 2.21531237798e-09],
        "max": [0.903014481068, 10.9946212769, 33.6808280945, 54.4884490967, 45.6696014404, 61.1207008362, 244.024658203, 257.759490967, 865.33013916, 1240.32824707, 887.524902344, 876.91796875, 1342.64318848, 1578.34631348, 2801.66162109, 3679.21655273, 1023.28771973, 1182.86022949, 1501.57446289, 865.888427734, 583.108703613, 431.060913086, 425.413665771, 434.984069824, 630.996887207, 456.579620361, 219.469696045, 180.691268921, 185.188705444, 79.6369018555, 58.0242271423, 193.681564331, 45.108543396, 28.6111812592, 11.9058389664, 4.18322896957, 1.75406944752, 0.273355185986, 0.0215633772314, 0.000564238987863],
        "mean": [0.0495027042925, 0.810116767883, 2.38566541672, 2.71442914009, 2.54452705383, 2.59504580498, 9.55718803406, 11.7342185974, 34.4931144714, 23.1302013397, 32.5631561279, 43.6675834656, 46.5364341736, 43.6063308716, 66.2627944946, 58.9462432861, 38.309337616, 55.0058898926, 73.1338806152, 37.7668647766, 27.1417808533, 25.3489933014, 18.2911891937, 22.4624938965, 25.955915451, 13.3120632172, 8.4847202301, 5.95959854126, 6.64417028427, 4.97542285919, 3.50407361984, 9.64001560211, 2.59648323059, 1.35731828213, 1.12201964855, 0.225234180689, 0.109719753265, 0.015886105597, 0.00194131780881, 7.70108745201e-05],
        "median": [0.00335456780158, 0.0513820238411, 0.212028428912, 0.322029560804, 0.298671752214, 0.676466047764, 1.93531656265, 3.61892008781, 7.14160394669, 7.10509347916, 13.1328315735, 22.6342449188, 20.831697464, 18.8141002655, 14.6177387238, 13.0717220306, 15.1859292984, 14.5879106522, 14.2226276398, 12.3845720291, 11.5693416595, 10.9915924072, 8.64467716217, 10.7962608337, 10.2439517975, 6.89424991608, 3.70967054367, 2.70290231705, 3.79341506958, 2.9968662262, 2.09983372688, 2.67047429085, 1.36346721649, 0.82351732254, 0.504870355129, 0.182972043753, 0.0675886049867, 0.0136503363028, 0.00133607396856, 7.2870090662e-05],
        "min": [9.04248157808e-22, 1.11428417874e-21, 1.09170957971e-20, 9.58803594951e-20, 1.29330322083e-19, 4.98866475275e-19, 3.84537345019e-19, 1.44531807941e-19, 3.03701248905e-19, 8.26165610243e-19, 3.51833415334e-19, 1.31272312101e-18, 4.80855351559e-18, 3.23044241974e-18, 3.20939873816e-18, 1.71164575727e-18, 2.82448905847e-18, 2.9996774336e-18, 7.3211282747e-18, 1.01755002668e-17, 9.46346484985e-18, 1.05410379969e-17, 1.21248225178e-17, 9.97226612617e-18, 1.14945861645e-17, 1.8539767814e-17, 1.65031730453e-17, 1.84786854888e-17, 2.48894460783e-17, 2.17426872464e-17, 2.04051246154e-17, 2.10743153853e-17, 1.63282772853e-17, 1.17148924857e-17, 7.95963726134e-18, 5.57364181547e-18, 2.81407568174e-18, 1.30996168194e-18, 3.29016361919e-19, 3.6278277279e-20],
        "var": [0.00963108427823, 2.2653093338, 23.6335391998, 41.3357467651, 39.3625793457, 29.9994659424, 483.989349365, 435.435913086, 5918.26367188, 3162.37768555, 3923.20898438, 4976.99414062, 6338.15673828, 5929.16552734, 26255.4394531, 28210.8007812, 4886.35400391, 11107.5996094, 21018.6015625, 5193.06542969, 2324.13549805, 1754.68249512, 1073.68688965, 1398.55078125, 2548.34545898, 568.318237305, 293.812255859, 143.507873535, 100.560089111, 40.9718360901, 22.703748703, 463.474822998, 15.4118127823, 4.35506153107, 2.95161509514, 0.0524427257478, 0.0201014205813, 0.000235978950514, 5.31700925421e-06, 3.02997049673e-09]
    },
    "gfcc": {
        "mean": [-35.1965827942, 36.8361740112, -139.915878296, 2.62766098976, -66.4832992554, 13.9284286499, -32.4912414551, 15.8510656357, -18.0006828308, 6.39145803452, -11.2263813019, 1.9506714344, -11.4915752411],
        "cov": [[38492.59375, 2511.4465332, 1275.27697754, 275.274658203, -583.65020752, 609.819152832, -810.405639648, 526.431152344, -535.602355957, 277.680328369, -389.655517578, -44.2668609619, -732.09564209], [2511.4465332, 2568.6706543, 1186.3626709, 737.1171875, 228.849273682, 0.966945946217, 215.016891479, -117.073883057, -40.7909507751, -132.070526123, -78.8266906738, -37.0838737488, -21.1490402222], [1275.27697754, 1186.3626709, 2505.73803711, 587.325866699, 190.661376953, 1.96976721287, 44.2800788879, 71.8445205688, -97.8911132812, 73.2140655518, -30.2500324249, 88.5177307129, -155.745574951], [275.274658203, 737.1171875, 587.325866699, 617.56427002, 247.620025635, 63.3764152527, 117.060943604, -43.5895576477, -17.5160007477, -83.6437225342, -61.7752838135, -67.4346923828, -32.5725097656], [-583.65020752, 228.849273682, 190.661376953, 247.620025635, 476.818511963, 272.928344727, 87.4925308228, -42.7902793884, 24.8552932739, -31.7887210846, -67.0141448975, -61.3517341614, -18.1956596375], [609.819152832, 0.966945946217, 1.96976721287, 63.3764152527, 272.928344727, 403.861785889, 115.073059082, 16.0060958862, 1.89978706837, -30.5917377472, -56.567150116, -57.3392601013, -22.6290035248], [-810.405639648, 215.016891479, 44.2800788879, 117.060943604, 87.4925308228, 115.073059082, 292.284912109, 72.2288589478, 21.7120609283, -38.2518234253, -13.9801006317, -42.5090827942, -0.8392816782], [526.431152344, -117.073883057, 71.8445205688, -43.5895576477, -42.7902793884, 16.0060958862, 72.2288589478, 207.397918701, 43.1051521301, 30.0083560944, 12.6641426086, -9.38245868683, -43.8798065186], [-535.602355957, -40.7909507751, -97.8911132812, -17.5160007477, 24.8552932739, 1.89978706837, 21.7120609283, 43.1051521301, 159.745178223, 63.7421035767, 18.6272888184, -23.9973831177, 3.13121747971], [277.680328369, -132.070526123, 73.2140655518, -83.6437225342, -31.7887210846, -30.5917377472, -38.2518234253, 30.0083560944, 63.7421035767, 165.20475769, 39.6358985901, 30.3165130615, -34.070728302], [-389.655517578, -78.8266906738, -30.2500324249, -61.7752838135, -67.0141448975, -56.567150116, -13.9801006317, 12.6641426086, 18.6272888184, 39.6358985901, 132.250686646, 38.4987106323, 9.68522167206], [-44.2668609619, -37.0838737488, 88.5177307129, -67.4346923828, -61.3517341614, -57.3392601013, -42.5090827942, -9.38245868683, -23.9973831177, 30.3165130615, 38.4987106323, 130.334869385, 43.6769371033], [-732.09564209, -21.1490402222, -155.745574951, -32.5725097656, -18.1956596375, -22.6290035248, -0.8392816782, -43.8798065186, 3.13121747971, -34.070728302, 9.68522167206, 43.6769371033, 126.591194153]],
        "icov": [[7.5004856626e-05, -0.000169676466612, 9.49242094066e-05, -0.000127807856188, 0.000301677297102, -0.000410620123148, 0.000474465487059, -0.000408681720728, 0.000348789501004, -0.000325317145325, 0.000198115652893, -6.27805056865e-05, 0.000231084020925], [-0.000169676466612, 0.00111049658153, -0.000478028669022, -0.000214245097595, -0.000558165367693, 0.00106987077743, -0.00152819976211, 0.00150239036884, -0.00111665565055, 0.0011396498885, -0.000351752561983, 8.57738414197e-05, -0.000485667522298], [9.49242094066e-05, -0.000478028669022, 0.000940828816965, -0.000799657194875, 0.000247343501542, -0.000517767679412, 0.000842888373882, -0.00112814002205, 0.00106597365811, -0.00110999471508, 0.000354960880941, -0.00105650653131, 0.00099064304959], [-0.000127807856188, -0.000214245097595, -0.000799657194875, 0.00409959442914, -0.00211966596544, 0.00168032373767, -0.0015493031824, 0.00124619936105, -0.000822540780064, 0.00184949312825, -0.000257033098023, 0.00146517599933, -0.000254247279372], [0.000301677297102, -0.000558165367693, 0.000247343501542, -0.00211966596544, 0.00613423995674, -0.00472759827971, 0.00202299235389, -0.000395926472265, 6.52606031508e-05, -0.00140846567228, 0.00138167920522, -0.000261130393483, 0.00092679343652], [-0.000410620123148, 0.00106987077743, -0.000517767679412, 0.00168032373767, -0.00472759827971, 0.00726251816377, -0.00396148255095, 0.00184874876868, -0.00112712290138, 0.00198614271358, -0.000440453499323, 0.000959649682045, -0.000902309839148], [0.000474465487059, -0.00152819976211, 0.000842888373882, -0.0015493031824, 0.00202299235389, -0.00396148255095, 0.00824531447142, -0.00498699070886, 0.0021455953829, -0.00169887137599, 0.000714238791261, 0.000354462972609, 0.000348391622538], [-0.000408681720728, 0.00150239036884, -0.00112814002205, 0.00124619936105, -0.000395926472265, 0.00184874876868, -0.00498699070886, 0.00977091304958, -0.00445435289294, 0.00266156950966, -0.00107492972165, -0.000195383123355, 0.00142375112046], [0.000348789501004, -0.00111665565055, 0.00106597365811, -0.000822540780064, 6.52606031508e-05, -0.00112712290138, 0.0021455953829, -0.00445435289294, 0.0117844585329, -0.00675620744005, 7.98698019935e-05, 0.0029252122622, -0.00191672518849], [-0.000325317145325, 0.0011396498885, -0.00110999471508, 0.00184949312825, -0.00140846567228, 0.00198614271358, -0.00169887137599, 0.00266156950966, -0.00675620744005, 0.0124371051788, -0.00216586352326, -0.00276946066879, 0.00311885611154], [0.000198115652893, -0.000351752561983, 0.000354960880941, -0.000257033098023, 0.00138167920522, -0.000440453499323, 0.000714238791261, -0.00107492972165, 7.98698019935e-05, -0.00216586352326, 0.00988073740155, -0.00243196077645, 0.00070777325891], [-6.27805056865e-05, 8.57738414197e-05, -0.00105650653131, 0.00146517599933, -0.000261130393483, 0.000959649682045, 0.000354462972609, -0.000195383123355, 0.0029252122622, -0.00276946066879, -0.00243196077645, 0.0136457299814, -0.00654269102961], [0.000231084020925, -0.000485667522298, 0.00099064304959, -0.000254247279372, 0.00092679343652, -0.000902309839148, 0.000348391622538, 0.00142375112046, -0.00191672518849, 0.00311885611154, 0.00070777325891, -0.00654269102961, 0.0138658592477]]
    },
    "melbands": {
        "dmean": [0.000470305618364, 0.00074731517816, 0.000321740139043, 0.000110351094918, 0.000152180742589, 0.000162440424901, 0.000298554718029, 0.000180510032806, 0.000194984182599, 0.000146391132148, 0.000139451178256, 0.000104111793917, 0.000121046708955, 9.05920896912e-05, 9.47566950344e-05, 5.06151918671e-05, 6.36984987068e-05, 6.84647602611e-05, 3.70686793758e-05, 2.91140950139e-05, 1.78020054591e-05, 1.95625161723e-05, 1.18743755593e-05, 8.3846216512e-06, 1.10835244413e-05, 2.18169061554e-05, 6.36094455331e-06, 5.39059783478e-06, 3.26547615259e-06, 2.13803673432e-06, 1.77086576514e-06, 2.27447071666e-06, 1.51118649683e-06, 1.32161983402e-06, 9.21751848182e-07, 9.07178616671e-07, 6.23922505838e-06, 6.95552387242e-07, 4.65139351036e-07, 5.02355419485e-07],
        "dmean2": [0.000789281330071, 0.00121533800848, 0.000493359519169, 0.000173820284544, 0.000225431489525, 0.000259118387476, 0.000468559504952, 0.000295445730444, 0.000308262708131, 0.00023204027093, 0.000219873807509, 0.00016648916062, 0.000189151789527, 0.000143258308526, 0.000154810390086, 8.18062835606e-05, 9.7181648016e-05, 0.000108112748421, 5.67072347621e-05, 4.67650643259e-05, 2.74810390692e-05, 3.11117073579e-05, 1.87830719369e-05, 1.31579499794e-05, 1.77399197128e-05, 3.76421812689e-05, 1.05478584373e-05, 8.80394236447e-06, 5.18620254297e-06, 3.42061844094e-06, 2.93010475616e-06, 3.82162443202e-06, 2.40371969085e-06, 2.07392167795e-06, 1.40711165386e-06, 1.36366497827e-06, 9.35316529649e-06, 1.06953189061e-06, 7.02511727013e-07, 7.61750072797e-07],
        "dvar": [9.75086436483e-07, 2.5166548312e-06, 6.54533096167e-07, 7.73693287215e-08, 1.30225870976e-07, 1.43874828495e-07, 5.5802524912e-07, 3.13992586598e-07, 2.22959499752e-07, 9.73641007818e-08, 8.64822240487e-08, 5.0704972665e-08, 1.11058987784e-07, 6.51230891435e-08, 7.9595764646e-08, 1.62115920688e-08, 2.06813908221e-08, 1.97160776594e-08, 7.28761007096e-09, 3.46027917431e-09, 1.8638481869e-09, 1.59005164591e-09, 7.76695818772e-10, 4.44606601535e-10, 5.44907896582e-10, 4.14630108025e-09, 1.7898595106e-10, 1.39849493097e-10, 7.40403155453e-11, 2.66053186426e-11, 2.95541091599e-11, 3.14971208837e-11, 8.10546074703e-12, 6.6686907732e-12, 4.05488706848e-12, 2.89589879854e-12, 3.80099590691e-10, 1.80991278822e-12, 1.21997540108e-12, 1.12427092375e-12],
        "dvar2": [2.50367770604e-06, 6.45331328997e-06, 1.45378442085e-06, 1.724519052e-07, 2.46187767061e-07, 3.56612162022e-07, 1.28134593069e-06, 7.77765819748e-07, 5.60043076803e-07, 2.46192286113e-07, 2.04837633078e-07, 1.24529677237e-07, 2.50412540481e-07, 1.71150247752e-07, 2.17871431119e-07, 4.30911200056e-08, 4.30541859942e-08, 4.89081273258e-08, 1.61764628359e-08, 8.16381895419e-09, 4.3669703409e-09, 3.95785715313e-09, 1.84200255049e-09, 1.06826136825e-09, 1.29779087477e-09, 1.14525366968e-08, 4.46500392215e-10, 3.29631461016e-10, 1.60589735954e-10, 6.30015761782e-11, 7.95256707709e-11, 9.02958541271e-11, 1.91161027979e-11, 1.56429799669e-11, 9.18701139468e-12, 6.4243484664e-12, 9.5719898674e-10, 3.71723962375e-12, 2.39981754087e-12, 2.3089763608e-12],
        "max": [0.00804571341723, 0.0149922594428, 0.0091412961483, 0.00296295806766, 0.00644237408414, 0.00549348257482, 0.0119271976873, 0.0109251607209, 0.00757915340364, 0.00575677352026, 0.00687393127009, 0.00583677273244, 0.00912845600396, 0.00650119548663, 0.00753409042954, 0.0027166462969, 0.00273253303021, 0.00296345213428, 0.00194587919395, 0.0010684968438, 0.000625584681984, 0.000499424815644, 0.00043650312, 0.000382822559914, 0.000416577589931, 0.000734087487217, 0.000350009155227, 0.000278259860352, 0.000227609954891, 0.000123728837934, 0.000128953368403, 0.000163291959325, 5.65788031963e-05, 4.46746162197e-05, 2.9883640309e-05, 4.23280871473e-05, 0.000191201484995, 3.51549315383e-05, 2.71507469733e-05, 2.61296372628e-05],
        "mean": [0.000670263252687, 0.00124584801961, 0.000485357886646, 0.000163447664818, 0.000285180693027, 0.000298895465676, 0.000489965837914, 0.000244060429395, 0.000294292432955, 0.000271298195003, 0.00024033038062, 0.000182050542207, 0.000210186044569, 0.000157941962243, 0.000141949261888, 6.91147652105e-05, 0.000110451874207, 0.000139710653457, 5.81611348025e-05, 4.4618940592e-05, 2.71466524282e-05, 2.83375538856e-05, 1.76005760295e-05, 1.2719852748e-05, 1.78497211891e-05, 2.70337059192e-05, 9.67359756032e-06, 9.05093111214e-06, 6.08791742707e-06, 3.98055681217e-06, 3.03879278363e-06, 3.9899150579e-06, 3.20161598211e-06, 2.4647954433e-06, 1.89604281786e-06, 1.85694875654e-06, 8.29913642519e-06, 1.4431972204e-06, 9.87210341918e-07, 1.10843745915e-06],
        "median": [4.58452159364e-05, 0.000110534732812, 6.23669911874e-05, 3.19383179885e-05, 6.45831605652e-05, 8.69863724802e-05, 0.00010055203893, 6.56609045109e-05, 0.000105609658931, 0.000132896588184, 0.000102056692413, 7.81600392656e-05, 4.3912230467e-05, 3.07394875563e-05, 3.67108114006e-05, 2.04142561415e-05, 2.36261694226e-05, 2.29886682064e-05, 1.18552170534e-05, 1.54378903972e-05, 9.34630315896e-06, 1.09214834083e-05, 7.72685871198e-06, 5.76454431211e-06, 8.39304902911e-06, 8.42337794893e-06, 4.04526144848e-06, 4.36018490291e-06, 2.55260101767e-06, 1.56576447807e-06, 1.31928288738e-06, 2.06880940823e-06, 1.8554574126e-06, 1.3862254491e-06, 1.04362436559e-06, 1.02200260699e-06, 1.7877589471e-06, 8.52935158946e-07, 5.57503540222e-07, 6.06062201314e-07],
        "min": [7.53639843525e-24, 4.02435615861e-24, 1.52991431523e-23, 2.22324968686e-23, 1.69672321349e-23, 3.10770097004e-24, 5.98019832802e-24, 7.95673665771e-24, 2.63219159081e-24, 8.10780825422e-24, 2.47854889938e-23, 1.37359284939e-23, 9.73941399766e-24, 7.03496767831e-24, 4.69542632562e-24, 6.74743261153e-24, 5.1761210848e-24, 1.05153360063e-23, 1.34243599908e-23, 1.27100409191e-23, 1.09910585752e-23, 1.0214328773e-23, 1.40713426845e-23, 7.66056593059e-24, 7.64847979266e-24, 1.01510108524e-23, 7.89845088086e-24, 1.27128303312e-23, 9.72426313511e-24, 1.21146741833e-23, 9.78551976212e-24, 1.58178759955e-23, 1.26791144162e-23, 1.11432613983e-23, 9.21022007002e-24, 1.61256122123e-23, 1.14129824081e-23, 1.08334465329e-23, 1.16848120431e-23, 9.11210943924e-24],
        "var": [1.52717586843e-06, 5.40168093721e-06, 1.24835082715e-06, 1.25173556853e-07, 3.59992043286e-07, 2.75254592452e-07, 1.17177160064e-06, 3.76075234954e-07, 2.99808306181e-07, 2.15493273004e-07, 1.78170111553e-07, 9.96923930074e-08, 2.76930251175e-07, 1.54855669621e-07, 1.56874222057e-07, 2.1791176863e-08, 5.58440085285e-08, 8.59751665416e-08, 1.53038417494e-08, 6.45458753112e-09, 2.95356472613e-09, 2.31546182228e-09, 1.08007280897e-09, 6.00363647685e-10, 1.0638122605e-09, 3.50663920123e-09, 3.09721637226e-10, 3.08788578041e-10, 1.85472345815e-10, 7.72848937625e-11, 4.41679366692e-11, 4.71520253398e-11, 1.90713157072e-11, 1.18682537756e-11, 8.14960512269e-12, 7.07659625343e-12, 4.2811645895e-10, 4.93584209962e-12, 3.28653662444e-12, 3.36563676234e-12]
    },
    "mfcc": {
        "mean": [-662.776489258, 82.1958770752, -21.1128101349, -6.76738977432, -11.6032323837, -5.33708238602, -2.31079602242, 4.26180076599, -1.030128479, 7.59407758713, 1.65102016926, -0.117550648749, 0.62234044075],
        "cov": [[16823.8789062, 2143.77612305, 772.249511719, 291.432983398, 208.093383789, 203.42250061, 217.454101562, 191.970184326, -2.8121547699, 244.525299072, 45.6639099121, 169.767532349, 186.65246582], [2143.77612305, 1902.39624023, 1027.05749512, 619.256713867, 193.414672852, 202.096115112, 152.781478882, 121.653144836, 55.9100799561, -50.9839782715, 3.16359472275, 49.7634010315, 48.4498672485], [772.249511719, 1027.05749512, 1648.60681152, 649.687805176, 216.751968384, 82.4278717041, 111.57346344, 36.9956436157, -1.43028998375, -76.4602355957, 35.0221214294, 87.7183990479, 47.0640678406], [291.432983398, 619.256713867, 649.687805176, 649.211120605, 175.725692749, 100.544212341, 77.2497024536, 47.648109436, 24.4148464203, -19.881608963, 2.70565485954, 31.6605300903, -9.41936969757], [208.093383789, 193.414672852, 216.751968384, 175.725692749, 398.639984131, 250.210723877, 62.334777832, 38.1354026794, 50.1966438293, 17.5911521912, -6.98193264008, -16.295955658, -23.9246139526], [203.42250061, 202.096115112, 82.4278717041, 100.544212341, 250.210723877, 395.29888916, 147.950531006, 71.2172927856, 81.5064315796, 21.3338775635, -3.77077102661, -34.9499435425, -31.9491481781], [217.454101562, 152.781478882, 111.57346344, 77.2497024536, 62.334777832, 147.950531006, 241.691711426, 134.458053589, 45.6206550598, 35.2957992554, -0.669787704945, -4.93124294281, -4.94983625412], [191.970184326, 121.653144836, 36.9956436157, 47.648109436, 38.1354026794, 71.2172927856, 134.458053589, 185.460769653, 77.3504638672, 40.0204696655, -2.64205145836, -7.60095357895, 0.764568150043], [-2.8121547699, 55.9100799561, -1.43028998375, 24.4148464203, 50.1966438293, 81.5064315796, 45.6206550598, 77.3504638672, 156.468566895, 65.9161682129, 15.167807579, -5.73985433578, 10.8687133789], [244.525299072, -50.9839782715, -76.4602355957, -19.881608963, 17.5911521912, 21.3338775635, 35.2957992554, 40.0204696655, 65.9161682129, 182.643600464, 60.834690094, 4.70937776566, -13.2873754501], [45.6639099121, 3.16359472275, 35.0221214294, 2.70565485954, -6.98193264008, -3.77077102661, -0.669787704945, -2.64205145836, 15.167807579, 60.834690094, 146.056747437, 59.3503684998, -2.74048709869], [169.767532349, 49.7634010315, 87.7183990479, 31.6605300903, -16.295955658, -34.9499435425, -4.93124294281, -7.60095357895, -5.73985433578, 4.70937776566, 59.3503684998, 148.761962891, 51.6162948608], [186.65246582, 48.4498672485, 47.0640678406, -9.41936969757, -23.9246139526, -31.9491481781, -4.94983625412, 0.764568150043, 10.8687133789, -13.2873754501, -2.74048709869, 51.6162948608, 128.503051758]],
