{
"lowlevel": {
    "average_loudness": 0.823430776596,
    "barkbands_crest": {
        "dmean": 2.75092244148,
        "dmean2": 4.44104957581,
        "dvar": 6.52345466614,
        "dvar2": 15.3139925003,
        "max": 26.9143333435,
        "mean": 10.0835533142,
        "median": 9.13830566406,
        "min": 2.92140769958,
        "var": 19.7063903809
    },
    "barkbands_flatness_db": {
        "dmean": 0.0195920132101,
        "dmean2": 0.0304658897221,
        "dvar": 0.000361998041626,
        "dvar2": 0.000858556421008,
        "max": 0.561381876469,
        "mean": 0.132211893797,
        "median": 0.122173756361,
        "min": 0.0241030864418,
        "var": 0.00329871871509
    },
    "barkbands_kurtosis": {
        "dmean": 4.17572593689,
        "dmean2": 6.09626150131,
        "dvar": 3554.94555664,
        "dvar2": 5657.73193359,
        "max": 3591.01513672,
        "mean": 5.70384788513,
        "median": 1.20096540451,
        "min": -1.84937703609,
        "var": 7357.56591797
    },
    "barkbands_skewness": {
        "dmean": 0.534800708294,
        "dmean2": 0.815509438515,
        "dvar": 1.0052062273,
        "dvar2": 1.9727627039,
        "max": 58.3147888184,
        "mean": 1.15180552006,
        "median": 0.983614206314,
        "min": -2.8700106144,
        "var": 3.7011384964
    },
    "barkbands_spread": {
        "dmean": 5.32196712494,
        "dmean2": 8.08311367035,
        "dvar": 36.1297416687,
        "dvar2": 80.1186752319,
        "max": 125.08631897,
        "mean": 22.0639953613,
        "median": 19.2985172272,
        "min": 0.132532894611,
        "var": 222.030960083
    },
    "dissonance": {
        "dmean": 0.0216280147433,
        "dmean2": 0.0365390963852,
        "dvar": 0.000490957580041,
        "dvar2": 0.00134292861912,
        "max": 0.499999940395,
        "mean": 0.460355013609,
        "median": 0.466950178146,
        "min": 0.220725059509,
        "var": 0.000919792160857
    },
    "dynamic_complexity": 3.95735645294,
    "erbbands_crest": {
        "dmean": 3.02206254005,
        "dmean2": 4.85463619232,
        "dvar": 8.04219150543,
        "dvar2": 19.1299877167,
        "max": 31.966381073,
        "mean": 10.9138650894,
        "median": 9.70175457001,
        "min": 2.29181790352,
        "var": 28.8913402557
    },
    "erbbands_flatness_db": {
        "dmean": 0.0161648653448,
        "dmean2": 0.0247661359608,
        "dvar": 0.000229672412388,
        "dvar2": 0.000505025149323,
        "max": 0.423302322626,
        "mean": 0.183043062687,
        "median": 0.168617218733,
        "min": 0.0509739406407,
        "var": 0.00488202879205
    },
    "erbbands_kurtosis": {
        "dmean": 1.40117073059,
        "dmean2": 2.16259241104,
        "dvar": 4.61406517029,
        "dvar2": 10.1263809204,
        "max": 68.9090270996,
        "mean": 1.72735404968,
        "median": 0.681459188461,
        "min": -1.86903297901,
        "var": 13.0610342026
    },
    "erbbands_skewness": {
        "dmean": 0.421041607857,
        "dmean2": 0.638696193695,
        "dvar": 0.156469196081,
        "dvar2": 0.344255447388,
        "max": 7.20041227341,
        "mean": 0.703676581383,
        "median": 0.666560828686,
        "min": -3.22915244102,
        "var": 0.792943835258
    },
    "erbbands_spread": {
        "dmean": 6.64043045044,
        "dmean2": 10.0516462326,
        "dvar": 46.6631317139,
        "dvar2": 98.409538269,
        "max": 121.006347656,
        "mean": 30.8939342499,
        "median": 29.4300956726,
        "min": 2.33697557449,
        "var": 273.289764404
    },
    "hfc": {
        "dmean": 7.2438378334,
        "dmean2": 10.6528682709,
        "dvar": 113.028953552,
        "dvar2": 218.7212677,
        "max": 128.544494629,
        "mean": 27.7034244537,
        "median": 22.4642410278,
        "min": 1.22456598741e-16,
        "var": 483.488555908
    },
    "melbands_crest": {
        "dmean": 3.60992503166,
        "dmean2": 5.79868268967,
        "dvar": 10.5624084473,
        "dvar2": 25.9665031433,
        "max": 39.9692230225,
        "mean": 13.4596691132,
        "median": 12.4515609741,
        "min": 1.80079030991,
        "var": 30.2068958282
    },
    "melbands_flatness_db": {
        "dmean": 0.023523716256,
        "dmean2": 0.0359037406743,
        "dvar": 0.000532940903213,
        "dvar2": 0.00116187287495,
        "max": 0.545684814453,
        "mean": 0.170499652624,
        "median": 0.165185749531,
        "min": 0.00675020879135,
        "var": 0.0036557558924
    },
    "melbands_kurtosis": {
        "dmean": 6.62313747406,
        "dmean2": 9.74454021454,
        "dvar": 3769.69360352,
        "dvar2": 6196.703125,
        "max": 4017.61962891,
        "mean": 10.7596302032,
        "median": 4.45055150986,
        "min": -1.71799850464,
        "var": 8107.00146484
    },
    "melbands_skewness": {
        "dmean": 0.662326991558,
        "dmean2": 1.02348744869,
        "dvar": 1.03915500641,
        "dvar2": 2.01324391365,
        "max": 60.1203384399,
        "mean": 1.81649160385,
        "median": 1.62467169762,
        "min": -2.47162556648,
        "var": 4.35340929031
    },
    "melbands_spread": {
        "dmean": 8.18496513367,
        "dmean2": 12.6792602539,
        "dvar": 102.475227356,
        "dvar2": 243.659942627,
        "max": 196.659408569,
        "mean": 28.2036838531,
        "median": 23.3621864319,
        "min": 0.201539948583,
        "var": 450.674560547
    },
    "pitch_salience": {
        "dmean": 0.0689940974116,
        "dmean2": 0.109774686396,
        "dvar": 0.00403368473053,
        "dvar2": 0.00948461238295,
        "max": 0.976242184639,
        "mean": 0.511828184128,
        "median": 0.510704398155,
        "min": 0.00436078896746,
        "var": 0.0140304611996
    },
    "silence_rate_20dB": {
        "dmean": 0,
        "dmean2": 0,
        "dvar": 0,
        "dvar2": 0,
        "max": 1,
        "mean": 1,
        "median": 1,
        "min": 1,
        "var": 0
    },
    "silence_rate_30dB": {
        "dmean": 0,
        "dmean2": 0,
        "dvar": 0,
        "dvar2": 0,
        "max": 1,
        "mean": 1,
        "median": 1,
        "min": 1,
        "var": 0
    },
    "silence_rate_60dB": {
        "dmean": 0.00901617575437,
        "dmean2": 0.0180347431451,
        "dvar": 0.00893411692232,
        "dvar2": 0.0208939760923,
        "max": 1,
        "mean": 0.105926021934,
        "median": 0,
        "min": 0,
        "var": 0.094702616334
    },
    "spectral_centroid": {
        "dmean": 261.620361328,
        "dmean2": 402.186035156,
        "dvar": 90845.140625,
        "dvar2": 195229.296875,
        "max": 10967.0214844,
        "mean": 1680.3482666,
        "median": 1657.73852539,
        "min": 185.139846802,
        "var": 515642.25
    },
    "spectral_complexity": {
        "dmean": 3.12039256096,
        "dmean2": 4.55191612244,
        "dvar": 14.5157165527,
        "dvar2": 22.3119888306,
        "max": 62,
        "mean": 18.4353713989,
        "median": 17,
        "min": 0,
        "var": 122.342140198
    },
    "spectral_decrease": {
        "dmean": 1.54234525152e-09,
        "dmean2": 2.33098251812e-09,
        "dvar": 3.7251326152e-18,
        "dvar2": 7.84455906734e-18,
        "max": 9.36984056732e-20,
        "mean": -5.84860737618e-09,
        "median": -4.95983476512e-09,
        "min": -2.09154933373e-08,
        "var": 1.92406230578e-17
    },
    "spectral_energy": {
        "dmean": 0.00621548993513,
        "dmean2": 0.00935933366418,
        "dvar": 5.9020210756e-05,
        "dvar2": 0.000121892051538,
        "max": 0.0835508778691,
        "mean": 0.0245867632329,
        "median": 0.0213337447494,
        "min": 1.07998445609e-20,
        "var": 0.000314725300996
    },
    "spectral_energyband_high": {
        "dmean": 0.000435572495917,
        "dmean2": 0.00066244485788,
        "dvar": 6.16946522314e-07,
        "dvar2": 1.40101781199e-06,
        "max": 0.0107256891206,
        "mean": 0.00114132976159,
        "median": 0.000733111635782,
        "min": 7.75845331374e-21,
        "var": 1.66829249792e-06
    },
    "spectral_energyband_low": {
        "dmean": 0.00309390178882,
        "dmean2": 0.00506707374007,
        "dvar": 4.21461554652e-05,
        "dvar2": 0.000103727841633,
        "max": 0.0538045465946,
        "mean": 0.0056104902178,
        "median": 0.000724079669453,
        "min": 4.90159354548e-23,
        "var": 9.82115452643e-05
    },
    "spectral_energyband_middle_high": {
        "dmean": 0.00312245264649,
        "dmean2": 0.00476926472038,
        "dvar": 2.35065872403e-05,
        "dvar2": 5.1221519243e-05,
        "max": 0.0797579735518,
        "mean": 0.00955469347537,
        "median": 0.00561885442585,
        "min": 1.48715694345e-21,
        "var": 0.000119890639326
    },
    "spectral_energyband_middle_low": {
        "dmean": 0.00343725015409,
        "dmean2": 0.00515049649402,
        "dvar": 2.62824214587e-05,
        "dvar2": 6.01235624345e-05,
        "max": 0.0782550424337,
        "mean": 0.0089630112052,
        "median": 0.00660514831543,
        "min": 4.00418929245e-22,
        "var": 7.61686533224e-05
    },
    "spectral_entropy": {
        "dmean": 0.13411219418,
        "dmean2": 0.204239711165,
        "dvar": 0.0179744493216,
        "dvar2": 0.03889041394,
        "max": 9.79035568237,
        "mean": 7.53746318817,
        "median": 7.57758331299,
        "min": 5.50451564789,
        "var": 0.207562029362
    },
    "spectral_flux": {
        "dmean": 0.0235243607312,
        "dmean2": 0.0381982475519,
        "dvar": 0.000570301141124,
        "dvar2": 0.00135384511668,
        "max": 0.250351399183,
        "mean": 0.0839018747211,
        "median": 0.0790999829769,
        "min": 1.0392230132e-10,
        "var": 0.00222007348202
    },
    "spectral_kurtosis": {
        "dmean": 1.25314486027,
        "dmean2": 2.06300973892,
        "dvar": 5.22296953201,
        "dvar2": 14.0706968307,
        "max": 77.0033569336,
        "mean": 4.50523614883,
        "median": 4.00279760361,
        "min": -1.1812889576,
        "var": 12.5323648453
    },
    "spectral_rms": {
        "dmean": 0.000588685390539,
        "dmean2": 0.000875587575138,
        "dvar": 4.43667659056e-07,
        "dvar2": 8.695092788e-07,
        "max": 0.00902845803648,
        "mean": 0.00444849487394,
        "median": 0.00456217164174,
        "min": 3.24598746319e-12,
        "var": 4.19792149842e-06
    },
    "spectral_rolloff": {
        "dmean": 702.255737305,
        "dmean2": 1164.90185547,
        "dvar": 1424694,
        "dvar2": 3210368.75,
        "max": 19121.484375,
        "mean": 2354.24389648,
        "median": 1744.18945312,
        "min": 21.533203125,
        "var": 5073644
    },
    "spectral_skewness": {
        "dmean": 0.177753731608,
        "dmean2": 0.283793568611,
        "dvar": 0.0436385273933,
        "dvar2": 0.113029494882,
        "max": 6.9084353447,
        "mean": 1.63849020004,
        "median": 1.6289639473,
        "min": -0.0913663208485,
        "var": 0.175617724657
    },
    "spectral_spread": {
        "dmean": 416318.1875,
        "dmean2": 637180.6875,
        "dvar": 502389211136,
        "dvar2": 971002544128,
        "max": 40745500,
        "mean": 4964661,
        "median": 4926163,
        "min": 829864.5625,
        "var": 2.41184066765e+12
    },
    "spectral_strongpeak": {
        "dmean": 0.946708917618,
        "dmean2": 1.63927841187,
        "dvar": 3.11480212212,
        "dvar2": 8.67083263397,
        "max": 21.1760463715,
        "mean": 1.71762502193,
        "median": 1.15065670013,
        "min": 0,
        "var": 3.96283125877
    },
    "zerocrossingrate": {
        "dmean": 0.0125715909526,
        "dmean2": 0.0149670736864,
        "dvar": 0.000235182087636,
        "dvar2": 0.000296724174405,
        "max": 0.50732421875,
        "mean": 0.0907914415002,
        "median": 0.08154296875,
        "min": 0,
        "var": 0.00293805426918
    },
    "barkbands": {
        "dmean": [7.67516175983e-05, 0.00213157129474, 0.00133574439678, 0.000678347772919, 0.000523593451362, 0.000787338824011, 0.00144213414751, 0.000871827476658, 0.00107640109491, 0.000961998593993, 0.000927880581003, 0.000881194137037, 0.000515262712725, 0.000818719039671, 0.00053151731845, 0.000355837983079, 0.000275081285508, 0.000196122549823, 0.000418021139922, 0.000156360896653, 7.92573700892e-05, 8.34211750771e-05, 5.43897767784e-05, 0.000204033989576, 5.60227745154e-05, 1.86159650184e-05, 4.49338131148e-06],
        "dmean2": [0.000116982249892, 0.0036043447908, 0.00208350084722, 0.00110376928933, 0.000830769713502, 0.00118814292364, 0.00226949644275, 0.00145448045805, 0.00170061981771, 0.00153136556037, 0.00146971375216, 0.00141224672552, 0.000830993172713, 0.00131347274873, 0.0008471335168, 0.000559974578209, 0.000430334213888, 0.000306852976792, 0.000711419561412, 0.000253787147813, 0.000126271988847, 0.000135516456794, 8.18322951091e-05, 0.000302718370222, 8.20036948426e-05, 2.83837889583e-05, 7.24348092263e-06],
        "dvar": [7.41832266726e-08, 1.83327356353e-05, 9.40970949159e-06, 3.11750886794e-06, 1.28473561745e-06, 3.66904782823e-06, 1.39596158988e-05, 7.06983655618e-06, 4.68895632366e-06, 3.98776364818e-06, 6.33113677395e-06, 7.31480349714e-06, 1.3947133084e-06, 3.09001256937e-06, 1.5735171246e-06, 5.37709865966e-07, 3.5244903529e-07, 2.24667033422e-07, 1.08739016014e-06, 1.05545503004e-07, 3.98786355049e-08, 2.92646848976e-08, 1.27815358297e-08, 3.19707055496e-07, 1.04405417645e-08, 8.68062288717e-10, 6.2463333117e-11],
        "dvar2": [1.52784821239e-07, 4.83870244352e-05, 1.88782232726e-05, 7.78786943556e-06, 3.14020167025e-06, 7.4976533142e-06, 3.26066983689e-05, 1.86941579159e-05, 1.17152740131e-05, 9.86940267467e-06, 1.4323326468e-05, 2.02065693884e-05, 3.63226718036e-06, 6.94379878041e-06, 3.60178046321e-06, 1.22307949368e-06, 8.77253398812e-07, 5.37164112302e-07, 2.95481072499e-06, 2.45149635703e-07, 9.53314227559e-08, 7.49370840936e-08, 2.79327352359e-08, 7.9662203234e-07, 2.00076382129e-08, 1.92740312599e-09, 1.57283353008e-10],
        "max": [0.0112405586988, 0.0399483777583, 0.0298697277904, 0.0196609944105, 0.0129447216168, 0.0286485832185, 0.0749376118183, 0.0464092977345, 0.0306741688401, 0.0398458689451, 0.0594179555774, 0.0740487650037, 0.0207745265216, 0.0270220991224, 0.0237063597888, 0.012875393033, 0.00815353542566, 0.00815626326948, 0.011405557394, 0.00924730952829, 0.00450235093012, 0.00359726673923, 0.00155089504551, 0.00557979242876, 0.00192557438277, 0.000929059984628, 0.000102348654764],
        "mean": [8.45303220558e-05, 0.0030112368986, 0.00207307026722, 0.000821762136184, 0.0008770840941, 0.00145275017712, 0.00225625489838, 0.00119320396334, 0.00199233670719, 0.00157530675642, 0.0015676059993, 0.00146160961594, 0.000731933454517, 0.00154942064546, 0.000833019788843, 0.000551110133529, 0.000410526728956, 0.000293905846775, 0.000586594862398, 0.000298356520943, 0.0001573911577, 0.000179230264621, 0.000115751587145, 0.000315384211717, 0.000138874529512, 4.85966884298e-05, 9.86799659586e-06],
        "median": [4.05121409131e-06, 0.000200556634809, 0.000137686729431, 5.71800555917e-05, 0.000208096244023, 0.000380111188861, 0.000464780023322, 0.000369359157048, 0.00102384737693, 0.000632939103525, 0.000341735925758, 0.000297888356727, 0.00027371532633, 0.000287859846139, 0.000156159090693, 0.000213549195905, 0.000157210772159, 0.000128225932713, 0.000227798518608, 0.000149713610881, 6.60516234348e-05, 0.00010723235755, 6.28783163847e-05, 0.000111474721052, 7.42994816392e-05, 3.85985476896e-05, 6.47247361485e-06],
        "min": [1.16353480978e-23, 1.88716890882e-23, 1.42504598639e-23, 1.04220287496e-23, 1.19666879795e-22, 5.27565087635e-23, 7.89781852996e-23, 3.46181416173e-23, 6.50751240012e-23, 1.04629688951e-22, 1.61898466315e-22, 6.95954863147e-23, 6.2034374445e-23, 5.34681275643e-23, 1.14010267477e-22, 1.33497782409e-22, 2.31263119307e-22, 2.16694764275e-22, 2.47464429034e-22, 2.33523300464e-22, 5.06377261908e-22, 6.52958624286e-22, 4.23932133904e-22, 8.33119611831e-22, 1.11600235565e-21, 1.69943913537e-21, 2.71102306533e-21],
        "var": [8.84309798721e-08, 3.11416042678e-05, 2.05674332392e-05, 4.23053825216e-06, 2.30713817473e-06, 9.25726362766e-06, 2.5342373192e-05, 8.23825121188e-06, 9.73316855379e-06, 7.94899187895e-06, 1.44759687828e-05, 1.60096133186e-05, 2.0031193344e-06, 9.33257160796e-06, 3.2085915791e-06, 9.81406856226e-07, 5.18115939485e-07, 3.06535980599e-07, 1.16182673082e-06, 2.86719853193e-07, 1.07829805529e-07, 6.14039379343e-08, 2.88907333612e-08, 3.95773014361e-07, 3.74466715414e-08, 2.39435071769e-09, 1.26003832368e-10]
    },
    "erbbands": {
        "dmean": [0.0386716499925, 0.549016416073, 1.58360075951, 1.94913899899, 1.98593735695, 2.00867152214, 5.1232419014, 6.63806343079, 20.3579864502, 16.4895458221, 21.4276027679, 23.3789348602, 26.1413898468, 23.5192623138, 37.1938056946, 35.0077095032, 24.4545936584, 29.3412036896, 33.6958084106, 20.9859924316, 16.2718505859, 16.4190368652, 11.8130245209, 13.6976156235, 19.3927154541, 7.21108150482, 4.05646181107, 3.06793737411, 3.34650754929, 2.37990999222, 1.54158687592, 6.66952371597, 1.38156044483, 0.557078301907, 0.500899672508, 0.0917365923524, 0.0452398657799, 0.00563287036493, 0.000892158655915, 2.09517402254e-05],
        "dmean2": [0.0650178492069, 0.92112749815, 2.49702143669, 3.12191510201, 2.93436002731, 3.36508607864, 7.44996070862, 10.8070230484, 31.8886299133, 26.7884502411, 34.3637733459, 36.8822021484, 41.1763305664, 37.3144340515, 58.5401344299, 55.8819084167, 39.8913993835, 44.8264198303, 53.599029541, 32.13048172, 25.1139621735, 25.92029953, 18.5114860535, 22.1505374908, 33.3708610535, 11.6859092712, 6.32355213165, 4.98584985733, 5.49785137177, 3.73843121529, 2.30639672279, 9.84787559509, 2.07307744026, 0.839716374874, 0.703175067902, 0.144014582038, 0.0658063441515, 0.00907438714057, 0.00144681346137, 3.34687501891e-05],
        "dvar": [0.00886371731758, 1.22971248627, 11.6343288422, 27.2647380829, 24.7380199432, 31.2653884888, 175.655227661, 281.184692383, 2526.28540039, 2745.50585938, 3198.13061523, 2469.47363281, 3043.8581543, 2881.89575195, 9896.01367188, 14033.7548828, 3147.62548828, 4027.66357422, 4422.1953125, 2139.30126953, 1352.28479004, 1193.17724609, 759.440429688, 763.389099121, 2875.98486328, 240.416656494, 91.1771011353, 71.5283508301, 55.4690284729, 19.0589160919, 9.00785923004, 383.374176025, 8.47231769562, 1.33524036407, 0.925098121166, 0.0243318397552, 0.00632687052712, 6.76429262967e-05, 3.11708913614e-06, 8.94554263997e-10],
        "dvar2": [0.0235965009779, 3.25591945648, 27.9533309937, 67.9014434814, 49.8671150208, 83.9085083008, 317.944976807, 734.408081055, 5776.04394531, 6717.10498047, 8289.89941406, 6228.38183594, 7177.58984375, 6913.04345703, 23529.6777344, 38640.3203125, 8473.15039062, 8467.92480469, 11002.4833984, 4855.85498047, 3092.56030273, 2929.24023438, 1800.54541016, 1846.04943848, 8047.98828125, 549.114257812, 188.099517822, 185.583511353, 149.072921753, 43.6361236572, 19.3183078766, 951.259765625, 19.9785919189, 2.62178897858, 1.67444205284, 0.0580574795604, 0.0120230978355, 0.000161959542311, 7.80741265771e-06, 2.21531237798e-09],
        "max": [0.903014481068, 10.9946212769, 33.6808280945, 54.4884490967, 45.6696014404, 61.1207008362, 244.024658203, 257.759490967, 865.33013916, 1240.32824707, 887.524902344, 876.91796875, 1342.64318848, 1578.34631348, 2801.66162109, 3679.21655273, 1023.28771973, 1182.86022949, 1501.57446289, 865.888427734, 583.108703613, 431.060913086, 425.413665771, 434.984069824, 630.996887207, 456.579620361, 219.469696045, 180.691268921, 185.188705444, 79.6369018555, 58.0242271423, 193.681564331, 45.108543396, 28.6111812592, 11.9058389664, 4.18322896957, 1.75406944752, 0.273355185986, 0.0215633772314, 0.000564238987863],
        "mean": [0.0495027042925, 0.810116767883, 2.38566541672, 2.71442914009, 2.54452705383, 2.59504580498, 9.55718803406, 11.7342185974, 34.4931144714, 23.1302013397, 32.5631561279, 43.6675834656, 46.5364341736, 43.6063308716, 66.2627944946, 58.9462432861, 38.309337616, 55.0058898926, 73.1338806152, 37.7668647766, 27.1417808533, 25.3489933014, 18.2911891937, 22.4624938965, 25.955915451, 13.3120632172, 8.4847202301, 5.95959854126, 6.64417028427, 4.97542285919, 3.50407361984, 9.64001560211, 2.59648323059, 1.35731828213, 1.12201964855, 0.225234180689, 0.109719753265, 0.015886105597, 0.00194131780881, 7.70108745201e-05],
        "median": [0.00335456780158, 0.0513820238411, 0.212028428912, 0.322029560804, 0.298671752214, 0.676466047764, 1.93531656265, 3.61892008781, 7.14160394669, 7.10509347916, 13.1328315735, 22.6342449188, 20.831697464, 18.8141002655, 14.6177387238, 13.0717220306, 15.1859292984, 14.5879106522, 14.2226276398, 12.3845720291, 11.5693416595, 10.9915924072, 8.64467716217, 10.7962608337, 10.2439517975, 6.89424991608, 3.70967054367, 2.70290231705, 3.79341506958, 2.9968662262, 2.09983372688, 2.67047429085, 1.36346721649, 0.82351732254, 0.504870355129, 0.182972043753, 0.0675886049867, 0.0136503363028, 0.00133607396856, 7.2870090662e-05],
        "min": [5.15558189206e-22, 4.80056368758e-21, 1.63901201642e-20, 2.62705082378e-20, 6.07089952785e-20, 3.98380135022e-19, 9.98639747296e-19, 2.93204637124e-19, 9.11703064917e-19, 9.05291691387e-19, 7.93602973345e-19, 1.7221231371e-18, 3.44871098156e-18, 5.49377545937e-18, 3.45789392713e-18, 2.70454952401e-18, 3.00628536593e-18, 3.2232891686e-18, 4.29119960533e-18, 7.25758839595e-18, 7.31598900156e-18, 1.24382131277e-17, 1.21871795283e-17, 1.30531929619e-17, 1.20322701062e-17, 1.19894039525e-17, 1.56256750361e-17, 2.37400405669e-17, 2.81099000854e-17, 1.11203125799e-17, 1.32654301362e-17, 1.375990299e-17, 1.69447154388e-17, 1.29092354111e-17, 7.88549375431e-18, 4.73272669602e-18, 3.66284426071e-18, 1.65169977149e-18, 3.29019903286e-19, 3.89465422153e-20],
        "var": [0.00963108427823, 2.2653093338, 23.6335391998, 41.3357467651, 39.3625793457, 29.9994659424, 483.989349365, 435.435913086, 5918.26367188, 3162.37768555, 3923.20898438, 4976.99414062, 6338.15673828, 5929.16552734, 26255.4394531, 28210.8007812, 4886.35400391, 11107.5996094, 21018.6015625, 5193.06542969, 2324.13549805, 1754.68249512, 1073.68688965, 1398.55078125, 2548.34545898, 568.318237305, 293.812255859, 143.507873535, 100.560089111, 40.9718360901, 22.703748703, 463.474822998, 15.4118127823, 4.35506153107, 2.95161509514, 0.0524427257478, 0.0201014205813, 0.000235978950514, 5.31700925421e-06, 3.02997049673e-09]
    },
    "gfcc": {
        "mean": [-35.1965827942, 36.8361778259, -139.915878296, 2.62766122818, -66.4832992554, 13.9284286499, -32.4912338257, 15.8510656357, -18.0006885529, 6.39145803452, -11.2263813019, 1.95067167282, -11.4915752411],
        "cov": [[38492.59375, 2511.44555664, 1275.27783203, 275.274414062, -583.65020752, 609.819702148, -810.405456543, 526.431335449, -535.602294922, 277.680297852, -389.655456543, -44.2668190002, -732.09564209], [2511.44555664, 2568.67041016, 1186.36242676, 737.11706543, 228.84916687, 0.966945409775, 215.016952515, -117.073883057, -40.790977478, -132.070571899, -78.8266372681, -37.0838775635, -21.1490402222], [1275.27783203, 1186.36242676, 2505.73803711, 587.325866699, 190.661376953, 1.96975457668, 44.2800369263, 71.8444976807, -97.8910827637, 73.2140960693, -30.250043869, 88.5176925659, -155.745544434], [275.274414062, 737.11706543, 587.325866699, 617.56427002, 247.619995117, 63.3764305115, 117.060951233, -43.589553833, -17.5159893036, -83.643737793, -61.7752799988, -67.4347000122, -32.5725059509], [-583.65020752, 228.84916687, 190.661376953, 247.619995117, 476.81842041, 272.928314209, 87.4926071167, -42.7902908325, 24.8552799225, -31.7886943817, -67.0141448975, -61.3517379761, -18.1956596375], [609.819702148, 0.966945409775, 1.96975457668, 63.3764305115, 272.928314209, 403.861785889, 115.073043823, 16.0060920715, 1.89979207516, -30.5917339325, -56.567150116, -57.3392524719, -22.6290073395], [-810.405456543, 215.016952515, 44.2800369263, 117.060951233, 87.4926071167, 115.073043823, 292.284881592, 72.2288742065, 21.7120494843, -38.2518081665, -13.9801111221, -42.5090751648, -0.839279055595], [526.431335449, -117.073883057, 71.8444976807, -43.589553833, -42.7902908325, 16.0060920715, 72.2288742065, 207.397949219, 43.1051559448, 30.0083503723, 12.6641464233, -9.38245391846, -43.8798065186], [-535.602294922, -40.790977478, -97.8910827637, -17.5159893036, 24.8552799225, 1.89979207516, 21.7120494843, 43.1051559448, 159.745162964, 63.7421073914, 18.6272945404, -23.9973754883, 3.13121724129], [277.680297852, -132.070571899, 73.2140960693, -83.643737793, -31.7886943817, -30.5917339325, -38.2518081665, 30.0083503723, 63.7421073914, 165.204772949, 39.6359100342, 30.3165187836, -34.0707321167], [-389.655456543, -78.8266372681, -30.250043869, -61.7752799988, -67.0141448975, -56.567150116, -13.9801111221, 12.6641464233, 18.6272945404, 39.6359100342, 132.250686646, 38.4987068176, 9.68521881104], [-44.2668190002, -37.0838775635, 88.5176925659, -67.4347000122, -61.3517379761, -57.3392524719, -42.5090751648, -9.38245391846, -23.9973754883, 30.3165187836, 38.4987068176, 130.334869385, 43.6769332886], [-732.09564209, -21.1490402222, -155.745544434, -32.5725059509, -18.1956596375, -22.6290073395, -0.839279055595, -43.8798065186, 3.13121724129, -34.0707321167, 9.68521881104, 43.6769332886, 126.5912323]],
        "icov": [[7.50048420741e-05, -0.000169676422956, 9.49241293711e-05, -0.000127807783429, 0.000301677180687, -0.00041062006494, 0.000474465457955, -0.000408681778936, 0.000348789675627, -0.00032531740726, 0.000198115740204, -6.27802073723e-05, 0.000231083555263], [-0.000169676422956, 0.00111049646512, -0.000478028436191, -0.000214245126699, -0.000558164727408, 0.00106987042818, -0.00152820011135, 0.00150239071809, -0.00111665599979, 0.00113965093624, -0.000351753056748, 8.57729100971e-05, -0.000485665892484], [9.49241293711e-05, -0.000478028436191, 0.000940828525927, -0.000799657136668, 0.000247342861257, -0.000517767039128, 0.000842888373882, -0.00112813990563, 0.00106597389095, -0.00110999529716, 0.000354960997356, -0.00105650525074, 0.00099064107053], [-0.000127807783429, -0.000214245126699, -0.000799657136668, 0.00409959396347, -0.00211966503412, 0.00168032257352, -0.00154930225108, 0.00124619912822, -0.000822542351671, 0.00184949487448, -0.000257033359958, 0.00146517460234, -0.000254245765973], [0.000301677180687, -0.000558164727408, 0.000247342861257, -0.00211966503412, 0.00613423949108, -0.00472759641707, 0.0020229886286, -0.000395924871555, 6.52621383779e-05, -0.00140846811701, 0.00138168002013, -0.000261128065176, 0.000926790991798], [-0.00041062006494, 0.00106987042818, -0.000517767039128, 0.00168032257352, -0.00472759641707, 0.00726251676679, -0.0039614806883, 0.00184874876868, -0.00112712546252, 0.00198614550754, -0.000440454430645, 0.000959646946285, -0.000902306637727], [0.000474465457955, -0.00152820011135, 0.000842888373882, -0.00154930225108, 0.0020229886286, -0.0039614806883, 0.00824531540275, -0.0049869925715, 0.00214559864253, -0.0016988752177, 0.000714240071829, 0.000354464864358, 0.000348388304701], [-0.000408681778936, 0.00150239071809, -0.00112813990563, 0.00124619912822, -0.000395924871555, 0.00184874876868, -0.0049869925715, 0.0097709139809, -0.00445435522124, 0.00266157253645, -0.00107493088581, -0.000195384651306, 0.0014237529831], [0.000348789675627, -0.00111665599979, 0.00106597389095, -0.000822542351671, 6.52621383779e-05, -0.00112712546252, 0.00214559864253, -0.00445435522124, 0.0117844613269, -0.00675621023402, 7.98709370429e-05, 0.00292521249503, -0.00191672611982], [-0.00032531740726, 0.00113965093624, -0.00110999529716, 0.00184949487448, -0.00140846811701, 0.00198614550754, -0.0016988752177, 0.00266157253645, -0.00675621023402, 0.0124371079728, -0.00216586585157, -0.00276946090162, 0.00311885634437], [0.000198115740204, -0.000351753056748, 0.000354960997356, -0.000257033359958, 0.00138168002013, -0.000440454430645, 0.000714240071829, -0.00107493088581, 7.98709370429e-05, -0.00216586585157, 0.00988073833287, -0.00243195937946, 0.000707771920133], [-6.27802073723e-05, 8.57729100971e-05, -0.00105650525074, 0.00146517460234, -0.000261128065176, 0.000959646946285, 0.000354464864358, -0.000195384651306, 0.00292521249503, -0.00276946090162, -0.00243195937946, 0.0136457253247, -0.00654268497601], [0.000231083555263, -0.000485665892484, 0.00099064107053, -0.000254245765973, 0.000926790991798, -0.000902306637727, 0.000348388304701, 0.0014237529831, -0.00191672611982, 0.00311885634437, 0.000707771920133, -0.00654268497601, 0.0138658499345]]
    },
    "melbands": {
        "dmean": [0.000470305618364, 0.00074731517816, 0.000321740139043, 0.000110351094918, 0.000152180742589, 0.000162440424901, 0.000298554718029, 0.000180510032806, 0.000194984182599, 0.000146391132148, 0.000139451178256, 0.000104111793917, 0.000121046708955, 9.05920896912e-05, 9.47566950344e-05, 5.06151918671e-05, 6.36984987068e-05, 6.84647602611e-05, 3.70686793758e-05, 2.91140950139e-05, 1.78020054591e-05, 1.95625161723e-05, 1.18743755593e-05, 8.3846216512e-06, 1.10835244413e-05, 2.18169061554e-05, 6.36094455331e-06, 5.39059783478e-06, 3.26547615259e-06, 2.13803673432e-06, 1.77086576514e-06, 2.27447071666e-06, 1.51118649683e-06, 1.32161983402e-06, 9.21751848182e-07, 9.07178616671e-07, 6.23922505838e-06, 6.95552387242e-07, 4.65139351036e-07, 5.02355419485e-07],
        "dmean2": [0.000789281330071, 0.00121533800848, 0.000493359519169, 0.000173820284544, 0.000225431489525, 0.000259118387476, 0.000468559504952, 0.000295445730444, 0.000308262708131, 0.00023204027093, 0.000219873807509, 0.00016648916062, 0.000189151789527, 0.000143258308526, 0.000154810390086, 8.18062835606e-05, 9.7181648016e-05, 0.000108112748421, 5.67072347621e-05, 4.67650643259e-05, 2.74810390692e-05, 3.11117073579e-05, 1.87830719369e-05, 1.31579499794e-05, 1.77399197128e-05, 3.76421812689e-05, 1.05478584373e-05, 8.80394236447e-06, 5.18620254297e-06, 3.42061844094e-06, 2.93010475616e-06, 3.82162443202e-06, 2.40371969085e-06, 2.07392167795e-06, 1.40711165386e-06, 1.36366497827e-06, 9.35316529649e-06, 1.06953189061e-06, 7.02511727013e-07, 7.61750072797e-07],
        "dvar": [9.75086436483e-07, 2.5166548312e-06, 6.54533096167e-07, 7.73693287215e-08, 1.30225870976e-07, 1.43874828495e-07, 5.5802524912e-07, 3.13992586598e-07, 2.22959499752e-07, 9.73641007818e-08, 8.64822240487e-08, 5.0704972665e-08, 1.11058987784e-07, 6.51230891435e-08, 7.9595764646e-08, 1.62115920688e-08, 2.06813908221e-08, 1.97160776594e-08, 7.28761007096e-09, 3.46027917431e-09, 1.8638481869e-09, 1.59005164591e-09, 7.76695818772e-10, 4.44606601535e-10, 5.44907896582e-10, 4.14630108025e-09, 1.7898595106e-10, 1.39849493097e-10, 7.40403155453e-11, 2.66053186426e-11, 2.95541091599e-11, 3.14971208837e-11, 8.10546074703e-12, 6.6686907732e-12, 4.05488706848e-12, 2.89589879854e-12, 3.80099590691e-10, 1.80991278822e-12, 1.21997540108e-12, 1.12427092375e-12],
        "dvar2": [2.50367770604e-06, 6.45331328997e-06, 1.45378442085e-06, 1.724519052e-07, 2.46187767061e-07, 3.56612162022e-07, 1.28134593069e-06, 7.77765819748e-07, 5.60043076803e-07, 2.46192286113e-07, 2.04837633078e-07, 1.24529677237e-07, 2.50412540481e-07, 1.71150247752e-07, 2.17871431119e-07, 4.30911200056e-08, 4.30541859942e-08, 4.89081273258e-08, 1.61764628359e-08, 8.16381895419e-09, 4.3669703409e-09, 3.95785715313e-09, 1.84200255049e-09, 1.06826136825e-09, 1.29779087477e-09, 1.14525366968e-08, 4.46500392215e-10, 3.29631461016e-10, 1.60589735954e-10, 6.30015761782e-11, 7.95256707709e-11, 9.02958541271e-11, 1.91161027979e-11, 1.56429799669e-11, 9.18701139468e-12, 6.4243484664e-12, 9.5719898674e-10, 3.71723962375e-12, 2.39981754087e-12, 2.3089763608e-12],
        "max": [0.00804571341723, 0.0149922594428, 0.0091412961483, 0.00296295806766, 0.00644237408414, 0.00549348257482, 0.0119271976873, 0.0109251607209, 0.00757915340364, 0.00575677352026, 0.00687393127009, 0.00583677273244, 0.00912845600396, 0.00650119548663, 0.00753409042954, 0.0027166462969, 0.00273253303021, 0.00296345213428, 0.00194587919395, 0.0010684968438, 0.000625584681984, 0.000499424815644, 0.00043650312, 0.000382822559914, 0.000416577589931, 0.000734087487217, 0.000350009155227, 0.000278259860352, 0.000227609954891, 0.000123728837934, 0.000128953368403, 0.000163291959325, 5.65788031963e-05, 4.46746162197e-05, 2.9883640309e-05, 4.23280871473e-05, 0.000191201484995, 3.51549315383e-05, 2.71507469733e-05, 2.61296372628e-05],
        "mean": [0.000670263252687, 0.00124584801961, 0.000485357886646, 0.000163447664818, 0.000285180693027, 0.000298895465676, 0.000489965837914, 0.000244060429395, 0.000294292432955, 0.000271298195003, 0.00024033038062, 0.000182050542207, 0.000210186044569, 0.000157941962243, 0.000141949261888, 6.91147652105e-05, 0.000110451874207, 0.000139710653457, 5.81611348025e-05, 4.4618940592e-05, 2.71466524282e-05, 2.83375538856e-05, 1.76005760295e-05, 1.2719852748e-05, 1.78497211891e-05, 2.70337059192e-05, 9.67359756032e-06, 9.05093111214e-06, 6.08791742707e-06, 3.98055681217e-06, 3.03879278363e-06, 3.9899150579e-06, 3.20161598211e-06, 2.4647954433e-06, 1.89604281786e-06, 1.85694875654e-06, 8.29913642519e-06, 1.4431972204e-06, 9.87210341918e-07, 1.10843745915e-06],
        "median": [4.58452159364e-05, 0.000110534732812, 6.23669911874e-05, 3.19383179885e-05, 6.45831605652e-05, 8.69863724802e-05, 0.00010055203893, 6.56609045109e-05, 0.000105609658931, 0.000132896588184, 0.000102056692413, 7.81600392656e-05, 4.3912230467e-05, 3.07394875563e-05, 3.67108114006e-05, 2.04142561415e-05, 2.36261694226e-05, 2.29886682064e-05, 1.18552170534e-05, 1.54378903972e-05, 9.34630315896e-06, 1.09214834083e-05, 7.72685871198e-06, 5.76454431211e-06, 8.39304902911e-06, 8.42337794893e-06, 4.04526144848e-06, 4.36018490291e-06, 2.55260101767e-06, 1.56576447807e-06, 1.31928288738e-06, 2.06880940823e-06, 1.8554574126e-06, 1.3862254491e-06, 1.04362436559e-06, 1.02200260699e-06, 1.7877589471e-06, 8.52935158946e-07, 5.57503540222e-07, 6.06062201314e-07],
        "min": [6.64115490379e-24, 7.80203630103e-24, 5.26296835958e-24, 1.22946748869e-23, 3.40060486638e-23, 6.55381892968e-24, 1.57073124064e-23, 1.02801986586e-23, 6.12631035603e-24, 1.09620663592e-23, 1.7137787018e-23, 2.14768974945e-23, 1.60130670047e-23, 9.49938886775e-24, 5.25509118901e-24, 6.71327177889e-24, 5.50759294299e-24, 5.47066518073e-24, 8.87704387784e-24, 9.97712855397e-24, 8.0388176349e-24, 1.23090471437e-23, 1.33543107201e-23, 1.03065655455e-23, 1.09531664305e-23, 7.28618437789e-24, 9.52655644846e-24, 7.47683470374e-24, 9.87138096077e-24, 9.58610124731e-24, 1.46587348254e-23, 1.80528656681e-23, 8.86316860338e-24, 4.82458770492e-24, 7.50273379612e-24, 8.69009646508e-24, 8.06740437638e-24, 1.13403291076e-23, 1.22196392265e-23, 1.03779819121e-23],
        "var": [1.52717586843e-06, 5.40168093721e-06, 1.24835082715e-06, 1.25173556853e-07, 3.59992043286e-07, 2.75254592452e-07, 1.17177160064e-06, 3.76075234954e-07, 2.99808306181e-07, 2.15493273004e-07, 1.78170111553e-07, 9.96923930074e-08, 2.76930251175e-07, 1.54855669621e-07, 1.56874222057e-07, 2.1791176863e-08, 5.58440085285e-08, 8.59751665416e-08, 1.53038417494e-08, 6.45458753112e-09, 2.95356472613e-09, 2.31546182228e-09, 1.08007280897e-09, 6.00363647685e-10, 1.0638122605e-09, 3.50663920123e-09, 3.09721637226e-10, 3.08788578041e-10, 1.85472345815e-10, 7.72848937625e-11, 4.41679366692e-11, 4.71520253398e-11, 1.90713157072e-11, 1.18682537756e-11, 8.14960512269e-12, 7.07659625343e-12, 4.2811645895e-10, 4.93584209962e-12, 3.28653662444e-12, 3.36563676234e-12]
    },
    "mfcc": {
        "mean": [-662.776489258, 82.1958770752, -21.1128101349, -6.76738977432, -11.6032323837, -5.33708238602, -2.31079602242, 4.26180076599, -1.030128479, 7.59407758713, 1.65102016926, -0.117550648749, 0.62234044075],
        "cov": [[16823.8789062, 2143.77612305, 772.249511719, 291.432983398, 208.093383789, 203.42250061, 217.454101562, 191.970184326, -2.8121547699, 244.525299072, 45.6639099121, 169.767532349, 186.65246582], [2143.77612305, 1902.39624023, 1027.05749512, 619.256713867, 193.414672852, 202.096115112, 152.781478882, 121.653144836, 55.9100799561, -50.9839782715, 3.16359472275, 49.7634010315, 48.4498672485], [772.249511719, 1027.05749512, 1648.60681152, 649.687805176, 216.751968384, 82.4278717041, 111.57346344, 36.9956436157, -1.43028998375, -76.4602355957, 35.0221214294, 87.7183990479, 47.0640678406], [291.432983398, 619.256713867, 649.687805176, 649.211120605, 175.725692749, 100.544212341, 77.2497024536, 47.648109436, 24.4148464203, -19.881608963, 2.70565485954, 31.6605300903, -9.41936969757], [208.093383789, 193.414672852, 216.751968384, 175.725692749, 398.639984131, 250.210723877, 62.334777832, 38.1354026794, 50.1966438293, 17.5911521912, -6.98193264008, -16.295955658, -23.9246139526], [203.42250061, 202.096115112, 82.4278717041, 100.544212341, 250.210723877, 395.29888916, 147.950531006, 71.2172927856, 81.5064315796, 21.3338775635, -3.77077102661, -34.9499435425, -31.9491481781], [217.454101562, 152.781478882, 111.57346344, 77.2497024536, 62.334777832, 147.950531006, 241.691711426, 134.458053589, 45.6206550598, 35.2957992554, -0.669787704945, -4.93124294281, -4.94983625412], [191.970184326, 121.653144836, 36.9956436157, 47.648109436, 38.1354026794, 71.2172927856, 134.458053589, 185.460769653, 77.3504638672, 40.0204696655, -2.64205145836, -7.60095357895, 0.764568150043], [-2.8121547699, 55.9100799561, -1.43028998375, 24.4148464203, 50.1966438293, 81.5064315796, 45.6206550598, 77.3504638672, 156.468566895, 65.9161682129, 15.167807579, -5.73985433578, 10.8687133789], [244.525299072, -50.9839782715, -76.4602355957, -19.881608963, 17.5911521912, 21.3338775635, 35.2957992554, 40.0204696655, 65.9161682129, 182.643600464, 60.834690094, 4.70937776566, -13.2873754501], [45.6639099121, 3.16359472275, 35.0221214294, 2.70565485954, -6.98193264008, -3.77077102661, -0.669787704945, -2.64205145836, 15.167807579, 60.834690094, 146.056747437, 59.3503684998, -2.74048709869], [169.767532349, 49.7634010315, 87.7183990479, 31.6605300903, -16.295955658, -34.9499435425, -4.93124294281, -7.60095357895, -5.73985433578, 4.70937776566, 59.3503684998, 148.761962891, 51.6162948608], [186.65246582, 48.4498672485, 47.0640678406, -9.41936969757, -23.9246139526, -31.9491481781, -4.94983625412, 0.764568150043, 10.8687133789, -13.2873754501, -2.74048709869, 51.6162948608, 128.503051758]],
